002370
007160
003382
006492
001471
000767
006267
007262
000303
001978
004404
006288
003537
005840
001393
006217
000274
004568
000297
002346
005511
000236
002836
005833
006211
001505
001468
007435
002349
003846
000607
006779
006555
004218
000555
003511
006528
004921
000230
002037
000276
004687
003687
006279
004919
005952
001131
001569
002530
000872
000404
004885
005002
003286
005250
002467
005363
006298
006682
006281
003341
001175
005935
000325
004013
006263
003318
002362
007210
000795
000879
003183
007055
005857
003040
002646
000387
001318
005073
001171
001963
005284
006207
002176
005615
000752
004480
006651
002749
006887
004303
001173
000936
004402
004329
003763
004011
001115
005067
000508
004133
001763
000911
000830
007455
000562
005512
005855
001522
005575
006345
000924
005196
001047
005384
004910
007019
006300
007038
005298
004965
007334
002505
002604
005787
000433
007192
006571
006250
004332
006777
002336
006168
001320
005210
000105
004132
001991
003619
000956
001193
004936
005093
005649
000246
006929
006761
002744
004454
000151
005344
003534
003412
003056
006950
002161
005008
002175
006766
001507
004576
006069
002973
001225
000440
000985
003906
002225
001859
001046
005195
003354
001322
004547
003336
001399
005874
000306
006565
002121
003419
003142
002694
006743
002251
006533
001530
007103
006366
004413
000205
002241
007141
007161
003489
006327
000683
003730
004914
000513
005246
005063
004001
006068
005336
001244
000643
001117
004806
001227
004257
003187
000837
006409
002714
006771
002835
003409
005039
001937
005116
002086
002242
006780
004161
006634
003757
003718
001738
002546
005792
005517
002864
005776
003714
003574
006282
005853
007107
006473
005447
005742
001602
004278
005308
003753
006631
007213
003999
001906
005354
002308
005849
001741
007301
003839
005571
000796
002115
007359
006343
006162
000131
005561
000970
005061
005204
003979
002470
001685
006557
004859
000267
003272
004341
000161
005651
001788
003659
004081
000374
006923
001637
007374
002924
004682
001737
005444
001287
000056
003924
006886
001588
004006
003227
005548
000235
000125
002791
006759
000979
007422
007006
006024
000234
004017
000743
006082
006389
001499
002425
001409
007162
001430
004381
001564
006312
005043
001484
003931
003641
000764
002991
005419
005382
005987
005211
003195
003599
002261
003479
001997
004474
000669
004907
005235
000018
002475
006906
000330
000260
004152
005060
002600
006287
006546
002572
003564
004963
005692
002197
000559
006668
003729
000992
001378
000739
001424
003603
005939
004270
003863
005472
002650
005558
000308
006063
001744
000257
006810
007385
001363
001402
000204
003466
005981
002731
001517
003465
000599
004267
000536
001595
007406
004289
000589
003959
005727
007013
002525
006396
005505
004187
003146
007453
007298
003116
007432
004202
004735
000890
006040
001483
004108
003089
003246
006974
004384
001576
006254
007240
002517
005790
003035
003890
000171
006964
005929
000001
003556
003095
000538
007119
006262
003539
001275
006609
007391
003039
006561
004089
005194
000878
004058
004617
006326
006714
001291
003657
005721
000653
001888
000984
000785
001168
006463
001465
002311
000833
007443
002796
000148
000238
000481
003124
002292
000369
004475
007146
000896
004388
005726
006768
001049
004436
002752
001398
000092
004960
001537
004119
000727
005023
006948
006902
000561
000893
006316
000772
006789
006543
006386
003037
004138
003239
003937
003856
002778
004954
002682
006915
006049
001660
005086
002793
004057
004300
004127
000437
001082
002816
001640
005068
003872
005476
000975
000654
004411
000998
003716
006112
006954
002953
004295
005950
007043
006138
005872
003343
002665
005166
004906
000486
007157
005203
004581
002802
001672
005626
001604
001148
004641
005272
004756
002318
007284
004867
001641
002206
005405
007211
001951
000421
006108
005841
000611
003832
006256
000848
003728
005834
005509
004565
000897
005634
001463
000281
001608
004692
003160
000982
003698
004041
004271
001816
004603
001612
001015
001503
001617
002747
001298
003159
007183
004519
004753
006610
005638
005348
004083
004698
005256
003949
003940
007289
003003
005579
004697
001644
000705
004145
003048
006116
006153
002626
005342
001330
005414
007052
000106
003891
005309
002754
002070
003344
004983
000273
005557
004104
000178
000386
004886
004054
005944
002652
004273
001352
000960
003991
003363
004016
000780
000586
001351
002506
001032
002083
001577
005873
005249
006625
006352
004048
003519
000142
002922
006952
003976
006970
002219
001413
001524
005866
001842
004644
001286
006088
003943
005756
005356
005102
003250
002281
005569
003818
005164
004557
000016
006693
000748
006390
002314
007070
005621
002011
001712
001828
005645
002259
007390
004891
001682
001480
005431
006450
007313
000095
001565
006973
003878
003626
005117
003813
003025
001687
000993
006500
006691
002950
001628
000942
006307
005262
000768
003302
005328
004135
000111
000468
001952
000527
000929
003739
000602
001798
006854
004631
003508
003727
004945
005287
007163
002339
003781
002114
000268
005400
001863
006452
000600
004947
003165
006219
003754
007434
004759
005473
006045
001696
002391
000448
007464
002171
001759
004553
004791
000184
000100
004801
006081
006642
002091
006874
002371
004898
000333
001102
006189
006604
002285
001498
003091
006475
007377
005523
007046
000248
005019
003690
004148
007326
006926
000700
000072
007445
005886
007472
000253
007011
003179
000569
001616
004585
000222
006998
001390
006855
003805
003184
002202
003428
004210
000067
000747
003804
001366
004282
006173
000162
005108
001140
002056
003935
003611
007249
002095
002760
005343
004359
000551
004061
003980
005748
006791
002000
000197
001396
003934
006624
004113
005312
005082
004186
004255
005676
002046
007381
000540
000091
007164
006420
000399
004466
007058
000348
006842
005168
001600
000150
000289
006570
001986
004318
000489
000138
001410
005927
000101
004069
006928
006700
004855
001371
005518
001674
007469
004322
001925
001403
003210
002892
003824
006862
006264
006253
007086
005047
004712
000948
000967
003612
001514
006033
000963
005495
005263
006417
007156
004709
004629
002387
000803
005700
007307
000255
002471
005612
005448
000361
006853
007113
003776
006439
006225
004215
004978
005878
006428
002341
003868
004556
002319
000908
004875
001688
006224
005681
002925
006536
001784
006497
002238
006444
007193
002038
006280
003715
007473
000605
007109
003322
003074
006760
004265
003845
005430
000015
002674
000514
002013
006436
002309
003050
004284
000687
001072
003880
001133
006865
003531
007168
007475
004029
002653
001043
003475
001916
002110
002012
001076
006770
004126
000004
005364
003752
005339
002207
007457
000454
000300
002264
005187
007120
003237
003993
001070
005809
004941
003462
004243
005674
002348
002280
005294
007128
004100
000216
004447
006260
003950
004999
004922
002944
005482
002532
000419
006852
005734
004796
006623
000135
003345
004285
001101
005752
003427
007456
003364
003485
003023
003844
001349
005334
003834
006840
000108
002420
005169
005201
002258
000177
000007
002074
006291
005125
003493
002212
001060
001914
004574
001331
006616
005096
003916
001359
001580
000081
005403
006997
001875
006385
007317
005013
003713
000815
005693
003362
004957
000939
003136
007014
002451
004000
003120
002044
002181
003323
001158
006627
001319
006673
003627
004670
001104
001950
003646
001787
002477
002834
002547
003008
007478
000371
002344
007287
005143
003602
000542
006402
000128
000384
003630
003614
006933
006414
004788
002678
005313
001767
002804
007195
007379
002142
000715
006895
000742
003260
004744
000661
006046
002748
002283
004810
002699
000336
001103
005916
000203
006067
004190
006960
004548
006384
006441
000389
005138
001069
006447
004776
003107
004137
000702
001165
001962
004615
001534
000881
000610
002262
001442
003378
002066
006205
002724
005543
000741
002096
003912
002047
004657
004883
005538
002527
007331
000237
000372
000190
001807
003501
004612
004992
007451
007042
003425
006844
005811
001659
005065
004690
006715
006643
000249
006203
006004
004658
005452
004908
003750
007022
003484
003282
006320
006293
004616
003794
001469
001742
003966
002977
007083
000047
006252
006449
003745
005475
005773
003525
001918
005253
006478
004737
005652
004227
001705
004407
005242
000876
000617
005957
006637
005383
004819
003402
003708
004296
001940
006119
004194
007396
000652
000832
000270
006010
000429
005858
007167
002681
005215
000723
003201
004656
004649
005141
004481
004075
003942
007329
007364
002126
001755
003157
001447
005146
004774
004150
000974
004406
001052
003654
000014
007238
005220
000771
006781
000033
001485
007197
004201
006870
004982
000716
006323
006418
003163
006889
003496
000079
000357
005997
003192
000179
000158
002307
003580
002939
000191
003870
002940
006580
004107
001704
005587
002172
001053
005581
006849
004082
004185
007462
005782
004621
002574
007429
007295
001730
005360
004376
000595
003663
006615
000124
003293
006363
001967
007226
006309
003334
005507
003086
004415
007171
001304
007420
005814
000388
000017
006465
000264
002186
002713
005900
003498
005455
006248
003229
001305
000807
003009
001518
006442
001167
005502
003369
002209
000367
003347
006737
001895
000087
005413
000868
004862
002578
007242
001613
004652
006484
005467
001684
004944
001438
005027
005270
000359
006689
007352
003216
002395
004738
001313
005471
000427
003785
002691
005963
000200
004876
001841
005915
000301
004422
005650
000202
007350
004382
005713
006507
000411
005075
001346
001083
004216
005260
007071
002706
006762
006361
003471
004349
004010
002825
001818
001840
000582
000064
001964
007066
005297
004843
000814
002097
007468
002284
004090
000855
005661
007007
005337
005938
004009
004396
006708
002375
006577
001799
003973
004170
004858
002275
001824
002332
003148
000121
006482
006467
001847
003871
000484
000797
004097
004182
000166
000655
004269
002224
002388
006649
003664
002166
000256
002576
003441
001808
000360
002177
000628
002614
003253
002915
005402
003948
000042
000724
004743
001718
003156
007252
004522
004567
004560
003447
001177
003900
001891
004403
005598
005984
003397
004730
002104
006174
006908
006877
006477
005619
005074
000457
004277
000060
001255
005217
006328
005620
002987
006433
006232
005377
005562
001264
004080
002607
006364
006054
003178
006070
004064
007079
006698
001814
002480
000904
006202
000572
006595
004510
005214
004578
006590
006718
000146
006989
000965
000406
004866
007121
004654
000800
005275
002782
003088
000036
005244
005460
005055
007236
002006
005245
005299
000438
003652
000836
002322
002266
005609
004781
000044
001226
002981
006314
000319
005469
004555
005028
004530
002577
001414
001118
004394
004558
000919
000219
005053
000854
002998
003131
007281
004101
006481
004288
004353
005205
000503
004669
007306
002328
004517
005786
004198
004499
003338
003194
003200
007386
002377
000847
006721
005666
000968
005148
005369
007239
001013
002190
006505
006154
000553
000409
001200
000378
006655
003992
007367
005920
002205
003046
003548
006331
000366
005176
001479
006636
000792
002704
003945
006175
003680
005316
001646
000869
002448
004397
006856
001770
000123
004964
001652
003848
000296
005810
003666
002381
003031
004894
005921
005497
002907
006413
001058
001546
007184
002725
003784
002901
006079
001292
005528
000423
005750
005191
003917
001774
002850
004327
004340
003058
006422
002521
003097
002823
000725
003689
000585
003873
005110
004425
005209
004223
004971
002874
000571
000988
005374
001539
006241
000940
005592
003047
001917
002964
005062
004414
003139
006747
006978
001813
002859
002619
005123
003695
003876
006559
003304
006614
003679
004062
002717
003601
007355
000685
004525
002510
001714
002542
001961
005011
003488
004926
005453
001843
003368
004614
002286
006788
005322
000756
004837
002645
006374
006437
004852
006118
002662
005118
002734
005088
004772
004623
004648
003706
002909
004334
005544
003340
007200
002583
006236
005709
005501
000326
006680
001722
004121
002082
003767
007302
003055
002556
002768
005555
007196
005798
003469
006670
005893
006443
002803
003431
003816
006394
003189
005496
000560
002883
002139
002565
000899
003212
004675
004084
004419
007273
006626
002531
005070
006177
004338
003651
001027
004775
004596
004453
007393
001913
005302
001481
003545
002866
003751
006820
004927
006999
003552
007446
003650
001516
004607
002435
006459
006498
004003
000139
001671
005331
006785
004124
003251
006826
001094
006851
000383
006562
004035
001990
004823
004358
000502
005077
003500
001213
000630
007415
006247
002492
003391
006551
003472
002843
002708
001218
002926
001157
004383
003429
001355
001954
000938
003118
004460
005041
002720
002833
003726
006078
003473
002501
005237
004364
004020
001345
003866
003172
005503
002124
001766
000533
007414
000749
002552
002840
003065
003686
005827
004221
005688
001753
007098
001081
002426
005353
007248
005839
007218
006730
002821
004212
001068
001909
001527
003275
004569
004582
006512
003470
002588
002337
005264
000416
002301
003289
000750
006421
001245
002966
004022
002230
001145
006059
000964
005949
000192
003398
006470
002473
006007
005913
003453
002215
004056
003561
003027
003622
002587
000684
006958
006100
007026
001229
005635
000762
005521
002502
005174
006792
004259
000447
002302
000482
002639
004071
006235
003217
002018
005909
000168
000594
001942
003361
005170
000713
005352
003245
005549
005868
002584
004752
007135
006461
001697
002581
005753
001884
002025
003645
002231
005240
004824
005510
000999
002761
000480
000483
006295
002771
004501
005871
000877
004134
004917
002338
001877
005271
000154
006491
002188
000916
001109
002446
004321
000228
003112
005642
003372
006815
007397
007234
003923
000959
007314
004506
000500
002644
001701
002221
004131
000765
001281
003919
003616
006038
005737
003865
003486
000618
000104
004754
003404
000097
004673
002397
007001
003494
006544
006064
007394
003972
005457
005582
004671
001850
006318
003309
004086
006912
001247
005412
006456
004275
001385
000755
005080
007105
004197
003996
003568
001407
006684
001930
002157
002947
002990
003238
006959
001326
004563
004661
004745
003036
005321
006587
004725
007205
005795
003259
005468
001501
000046
004335
005277
006814
000943
002154
006884
002980
003887
005668
003440
001786
007404
006957
004098
004981
004577
002253
006729
006208
007016
004792
005391
005483
001154
002932
000225
000613
005703
001510
000068
001230
005396
007139
001928
006740
004313
002711
005451
007041
005373
004779
003775
004533
001236
003505
002486
005572
006953
005566
001341
007439
003366
006041
003735
000583
000763
005484
001803
006111
005119
006469
006133
003459
006339
006529
005704
005149
002721
000506
003720
000254
000525
002794
003071
006220
002173
005705
006937
002278
005171
005056
000631
007061
001713
005654
006511
004028
001080
001162
004770
002085
001976
002260
001663
001472
000344
002672
002631
006476
001054
003396
001719
003933
006564
002010
006836
002520
002800
001630
002060
006012
003141
006818
005375
005436
000410
000085
003549
007339
002228
000143
000642
004850
006961
002147
005046
004985
002779
002331
007020
000286
000558
002487
000093
000080
004561
003390
001810
001290
001269
002765
002679
004140
000812
003952
006696
006011
006501
000349
004893
002599
003609
002668
004286
006567
005728
006922
004314
002910
000636
002659
006962
000638
004200
006001
001506
003138
003507
003929
001533
005326
004387
004630
002540
007229
006726
000679
005717
006658
000141
001420
005132
007416
000380
004141
007363
001936
003191
003566
004702
003096
001329
002297
002433
006176
006523
004037
001317
000658
005714
000322
006744
006419
005986
001793
006272
004209
004769
003132
002807
004479
005200
003994
000935
005520
001556
003936
001870
004699
001907
006603
002627
000906
006239
001837
003809
007130
001973
001756
002040
000674
000488
001511
005506
006593
001045
004707
002014
001836
002356
000758
006369
007030
003884
006387
006809
000850
007312
005182
004828
007263
007353
001280
007096
000657
004330
005229
006375
000829
003790
003468
003111
006499
005959
001881
004677
006495
003285
003359
002452
002712
004244
000501
005113
001945
003869
000932
002715
006946
002709
001461
006172
000434
006048
003244
006608
005390
005991
001316
001347
000601
006582
000475
002819
000127
001022
004181
006265
006667
001270
004704
006711
006635
007356
006380
005816
003792
002201
003353
005623
005015
002988
001202
001350
005882
003861
003585
005137
006800
003554
000494
006106
001536
003655
004328
002537
002290
002999
001321
004365
003605
005092
006569
007124
006042
003725
006335
007449
003143
005234
004863
006801
001303
004431
004952
000334
003367
000712
002758
003744
000733
007008
000962
003758
003487
000522
005656
004537
002519
003301
006756
002165
001920
007440
000049
007102
006918
001708
007235
004408
005720
004987
000816
007204
003668
005134
001880
005925
000846
001429
006405
000024
007012
001137
006640
003841
000445
002325
004511
003169
006407
002444
007316
005725
000009
004204
005995
006213
003960
005098
001857
002722
005922
005785
006719
005658
002194
004747
003070
001064
007142
001869
007292
004665
007031
004705
002933
004139
004956
002434
003133
000902
004354
002210
000122
001491
003181
001921
003701
004319
006036
005462
000798
005573
001295
001251
004245
005667
001935
006782
005474
000307
004694
005754
001050
007044
000165
000422
004860
006863
000379
004155
005378
003300
006290
003522
006415
000218
004317
002873
000035
004923
000732
005685
002508
001466
002775
005603
006991
002229
002762
001194
000650
004256
000492
000145
002008
003458
002838
003692
002094
002635
004291
006995
000351
003673
006503
003558
002223
002472
003057
005112
000350
002125
006829
001634
004680
005167
000155
002960
006823
006148
003422
004610
003987
005815
005428
004254
006286
003528
002466
002844
002632
006984
006508
002740
004746
004604
006985
005282
004880
006773
001707
004477
002963
001450
003438
006736
000593
002596
000592
006276
006586
004336
001387
001933
003527
005971
002163
005516
001639
004217
001457
000258
001289
003600
001063
004708
000345
001542
001686
000635
004833
005153
004179
006857
006733
001404
001276
006000
001307
005213
000071
006858
004668
000651
006003
005064
003597
000037
006023
006032
005254
001871
001408
004718
000794
004726
004528
004884
006179
005498
007101
002753
006289
002622
002032
005908
003305
000843
002293
004715
002084
004899
006975
001159
000512
003743
004264
003682
004195
006438
002459
004599
002333
004074
005288
001896
001262
004714
004443
003154
006084
001435
004995
002661
006145
004042
005807
004490
000164
001658
004032
000186
007345
001056
005932
003335
004088
006367
002992
004046
001794
000452
005311
005071
003563
002623
001528
001752
000052
001136
001383
005318
003278
003807
001095
000917
007125
002642
003042
005848
001874
005568
003403
001854
002535
004144
004068
006811
003535
000773
003914
004279
004611
002656
000400
005838
002187
001523
001232
003029
002867
000059
003222
001844
002595
000591
003902
001452
006757
006907
002871
005923
000149
002243
001751
002461
001373
003317
001455
002764
003553
006927
000946
005758
006932
001603
001607
006340
003013
005437
007279
006313
001726
002458
006838
006344
002603
002538
004693
001858
002481
003788
002571
004456
006245
006210
001301
001128
002688
001717
004804
000910
005177
000813
003140
007389
000516
006238
006377
005617
004392
003544
004214
002465
004686
007122
001370
004683
001266
007360
007276
004645
004839
005788
001311
005181
007152
002738
001861
001681
006160
004094
002692
001885
000659
003084
001139
001727
005912
000853
004248
000870
002304
007029
001310
006805
003230
003137
003129
003629
003152
003513
005278
001243
002141
001931
003356
000160
002755
005852
000808
006072
004351
000873
005083
005491
006545
000051
005738
007116
003814
006432
003173
002436
001802
005553
003015
003684
001209
000647
003426
002625
005719
003826
000515
003886
003206
002123
004435
000275
001943
005508
005831
004018
003639
004485
001745
005370
004433
004736
001021
005094
005770
004626
006723
003388
005366
006297
004590
002021
003418
006848
002353
002847
002951
000918
007268
001216
005222
001093
001893
005325
007341
003538
001785
003314
005097
007274
001975
006457
003311
002818
002985
002759
007221
004175
001979
000535
001150
001172
000231
001296
001446
000462
007100
006859
001532
001621
002113
003722
007461
001464
005718
004274
004378
003442
005542
004169
000347
006956
001143
001075
002140
004991
000310
000521
006944
001988
002417
005892
001806
004371
005859
002182
003033
001715
003450
003583
001855
005702
000363
003371
002628
002317
007421
005646
006846
005155
004857
000027
004838
000144
003930
003827
006841
003710
006127
001184
003151
001111
005860
001693
002474
001747
007410
000479
003000
005680
000699
004153
002946
001625
002315
002092
003899
004473
004031
002427
003477
005739
001812
000134
006883
005012
006446
004070
000886
000137
006681
006109
003415
003683
006102
003968
004659
005101
006249
006911
004129
006790
000132
002052
002683
000882
004832
004342
004220
000565
000316
004156
004534
000339
006542
002151
003562
003678
002245
005314
003551
005663
005675
001959
002217
002088
007365
003963
000412
006092
000221
006639
002155
006876
007296
004591
002483
004835
007366
004236
003264
003719
001627
005633
006196
003290
000632
005640
002654
000285
005983
004639
006134
000471
004808
007348
005151
007133
003108
007049
000295
000405
004191
005238
004637
001152
003598
000011
002822
004040
002891
003896
005228
005239
003702
001992
000933
003910
001470
007174
003007
005861
006993
003298
001248
004993
001199
004728
002828
002561
006893
002533
003236
002919
003769
000394
004742
004929
005323
005608
002347
000576
000229
005545
004720
002965
006716
000292
006803
006427
005796
005926
002848
006939
007078
004065
004968
001760
005268
004625
000819
002832
004799
001776
007127
006913
003594
002017
005163
001675
005362
006712
003296
006165
001989
000453
005159
006724
005261
006924
007373
001039
003273
000972
001356
000735
000718
006513
004173
001876
000799
001851
006255
004374
004315
003114
004117
005763
002024
007203
001853
006589
001792
004448
003017
004441
002936
005780
003697
001071
004417
004864
001750
001965
001690
007419
007227
002923
006496
000490
007114
006488
002809
001138
004287
002630
001016
006910
004872
003977
001004
003401
001278
003572
002930
005565
002464
002814
000391
003434
000023
000451
000332
006813
006362
005232
003380
006141
004515
006423
001306
006296
005715
004297
003812
004706
006431
005653
005846
005248
006574
000980
002640
001892
003509
005355
001308
006047
006080
005774
002170
001098
000857
003125
000432
002573
000449
003964
006212
007134
003276
006410
003126
006702
002295
004459
000159
003365
002690
002363
003939
001648
000787
002580
000805
001195
000012
006619
005357
003495
006358
001762
002385
003815
003550
000914
003214
007206
007015
003262
005454
002702
007099
006745
006741
006904
001188
006775
000098
004030
001956
001008
005081
000524
001716
001030
005968
006330
000708
004766
004969
001538
005791
001459
004809
004377
005114
000172
005914
004504
005009
002961
006334
002396
005158
006137
002248
006738
005911
000376
003203
004105
002432
001490
000802
006104
001436
005712
004784
007056
007180
001023
001388
005552
005965
005303
002703
004609
004586
006827
003854
000114
004635
002305
002899
006008
003041
005058
007255
001791
007319
007286
002569
000329
001263
005891
002598
005236
001426
004758
000271
001890
003925
000170
006728
006786
003530
001419
005048
001889
003224
007328
002563
003499
006943
004362
003231
007347
005751
003958
001186
004821
000495
003360
002076
005025
000788
001368
003801
000745
004077
005525
005522
001100
006524
001987
001691
007207
002913
005069
005273
004840
000820
006144
002298
006713
003351
001515
005706
004304
006204
003385
001764
005682
003606
004539
006376
001711
006794
006424
004740
003791
003897
003051
003005
001934
001401
001439
006717
007247
005133
006403
004120
003944
000871
006633
000413
002291
000949
005998
003643
000038
006136
002894
006123
003850
000804
003642
005320
004416
004283
001908
001257
007087
005691
000220
004573
000207